0
0
0
0
0
0
0
0
0
0
0
0
0
0
0
0
0
0
0
0
0
0
0
0
0
0
0
0
0
0
0
0
0
0
0
0
0
0
0
0
0
0
0
0
0
0
0
0
0
0
0
0
127
0
0
0
0
0
0
0
0
0
0
0
0
0
0
32
223
0
0
0
0
96
96
0
0
0
0
0
0
0
0
16
239
0
0
0
0
128
128
0
0
0
0
0
0
0
0
0
255
0
0
0
0
128
128
0
0
0
0
0
0
0
0
0
255
0
0
0
0
128
128
0
0
0
0
0
0
0
0
0
255
80
96
128
128
175
144
0
0
0
0
0
0
0
0
0
223
191
159
128
128
207
207
0
0
0
0
0
0
0
0
0
223
32
0
0
0
128
128
0
0
0
0
0
0
0
0
0
223
32
0
0
0
128
128
0
0
0
0
0
0
0
0
0
223
32
0
0
0
128
128
0
0
0
0
0
0
0
0
0
32
0
0
0
0
48
112
0
0
0
0
0
0
0
0
0
0
0
0
0
0
0
0
0
0
0
0
0
0
0
0
0
0
0
0
0
0
0
0
0
0
0
0
0
