0
0
0
0
0
0
0
0
0
0
0
0
0
0
0
0
0
0
0
0
0
0
0
0
0
0
0
0
0
0
0
0
0
0
0
0
0
0
0
0
0
0
0
0
0
0
0
0
0
0
0
0
16
0
0
0
0
207
32
0
0
0
0
0
0
0
0
64
176
0
0
0
0
223
32
0
0
0
0
0
0
0
0
64
191
0
0
0
0
223
32
0
0
0
0
0
0
0
0
48
207
0
0
0
0
223
32
0
0
0
0
0
0
0
0
32
223
0
0
0
0
223
32
0
0
0
0
0
0
0
0
0
255
0
0
0
0
207
48
0
0
0
0
0
0
0
0
0
223
144
143
159
175
239
96
0
0
0
0
0
0
0
0
0
207
159
112
96
80
160
128
0
0
0
0
0
0
0
0
0
175
80
0
0
0
96
159
0
0
0
0
0
0
0
0
0
160
96
0
0
0
80
176
0
0
0
0
0
0
0
0
0
160
96
0
0
0
48
191
0
0
0
0
0
0
0
0
0
32
16
0
0
0
0
0
0
0
0
0
0
0
0
0
0
0
0
0
0
0
0
0
0
0
0
0
0
