0
0
0
0
0
0
0
0
0
0
0
0
0
0
0
0
0
0
0
0
0
0
0
0
0
0
0
0
0
0
0
0
0
0
0
0
0
0
0
0
0
0
0
0
0
0
0
0
0
0
0
0
64
0
0
0
0
128
112
0
0
0
0
0
0
0
0
0
223
48
0
0
0
128
128
0
0
0
0
0
0
0
0
0
112
223
0
0
0
128
128
0
0
0
0
0
0
0
0
0
0
207
48
0
0
112
144
0
0
0
0
0
0
0
0
0
0
191
64
0
0
96
159
0
0
0
0
0
0
0
0
0
0
223
48
0
0
80
176
0
0
0
0
0
0
0
0
0
0
160
255
255
255
255
191
0
0
0
0
0
0
0
0
0
0
128
128
0
0
32
223
0
0
0
0
0
0
0
0
0
0
128
128
0
0
16
239
0
0
0
0
0
0
0
0
0
0
112
144
0
0
0
239
16
0
0
0
0
0
0
0
0
0
64
207
0
0
0
223
64
0
0
0
0
0
0
0
0
0
0
0
0
0
0
160
80
0
0
0
0
0
0
0
0
0
0
0
0
0
0
0
0
0
0
0
0
