0
0
0
0
0
0
0
0
0
0
0
0
0
0
0
0
0
0
0
0
0
0
0
0
0
0
0
0
0
0
0
0
0
0
0
0
0
0
0
0
0
0
0
0
0
0
0
0
0
0
0
0
64
64
0
0
0
16
32
0
0
0
0
0
0
0
0
0
112
144
0
0
0
96
159
0
0
0
0
0
0
0
0
0
96
159
0
0
0
96
159
0
0
0
0
0
0
0
0
0
64
191
0
0
0
96
159
0
0
0
0
0
0
0
0
0
32
223
0
0
0
64
191
0
0
0
0
0
0
0
0
0
32
239
64
96
96
143
191
0
0
0
0
0
0
0
0
0
0
255
191
175
159
160
207
0
0
0
0
0
0
0
0
0
0
223
32
0
0
32
223
0
0
0
0
0
0
0
0
0
0
223
32
0
0
32
223
0
0
0
0
0
0
0
0
0
0
223
32
0
0
16
159
0
0
0
0
0
0
0
0
0
0
191
64
0
0
0
0
0
0
0
0
0
0
0
0
0
0
16
0
0
0
0
0
0
0
0
0
0
0
0
0
0
0
0
0
0
0
0
0
0
0
0
0
0
