0
0
0
0
0
0
0
0
0
0
0
0
0
0
0
0
0
0
0
0
0
0
0
0
0
0
0
0
0
0
0
0
0
0
0
0
0
0
0
0
0
0
0
0
0
0
0
0
0
0
0
0
0
0
0
0
0
32
127
0
0
0
0
0
0
0
0
80
96
0
0
0
0
96
176
0
0
0
0
0
0
0
0
64
191
0
0
0
0
144
112
0
0
0
0
0
0
0
0
0
239
16
0
0
0
160
96
0
0
0
0
0
0
0
0
0
191
80
0
0
0
160
96
0
0
0
0
0
0
0
0
0
160
96
0
0
16
159
143
0
0
0
0
0
0
0
0
0
175
207
223
239
239
239
223
16
0
0
0
0
0
0
0
0
128
160
32
16
0
80
176
0
0
0
0
0
0
0
0
0
128
128
0
0
0
48
207
0
0
0
0
0
0
0
0
0
128
128
0
0
0
32
207
0
0
0
0
0
0
0
0
0
32
16
0
0
0
0
0
0
0
0
0
0
0
0
0
0
0
0
0
0
0
0
0
0
0
0
0
0
0
0
0
0
0
0
0
0
0
0
0
0
0
0
0
0
