0
0
0
0
0
0
0
0
0
0
0
0
0
0
0
0
0
0
0
0
0
0
0
0
0
0
0
0
0
0
0
0
0
0
0
0
0
0
0
0
0
0
0
0
0
0
0
0
0
0
0
0
16
0
0
0
16
0
0
0
0
0
0
0
0
0
0
32
223
0
0
0
191
48
0
0
0
0
0
0
0
0
0
32
223
0
0
0
191
64
0
0
0
0
0
0
0
0
0
32
223
0
0
0
191
64
0
0
0
0
0
0
0
0
0
16
239
0
0
32
207
48
0
0
0
0
0
0
0
0
0
0
255
239
255
223
255
64
0
0
0
0
0
0
0
0
0
0
255
16
0
0
223
32
0
0
0
0
0
0
0
0
0
0
239
16
0
0
223
32
0
0
0
0
0
0
0
0
0
0
223
32
0
0
223
32
0
0
0
0
0
0
0
0
0
0
223
16
0
0
175
64
0
0
0
0
0
0
0
0
0
0
0
0
0
0
32
16
0
0
0
0
0
0
0
0
0
0
0
0
0
0
0
0
0
0
0
0
0
0
0
0
0
0
0
0
0
0
0
0
0
0
0
0
0
0
