0
0
0
0
0
0
0
0
0
0
0
0
0
0
0
0
0
0
0
0
0
0
0
0
0
0
0
0
0
0
0
0
0
0
48
48
0
0
0
0
0
16
32
0
0
0
0
0
0
0
128
128
0
0
0
0
0
128
128
0
0
0
0
0
0
0
96
159
0
0
0
0
0
128
128
0
0
0
0
0
0
0
80
176
0
0
0
0
0
128
128
0
0
0
0
0
0
0
32
223
0
0
0
0
0
160
96
0
0
0
0
0
0
0
0
239
16
0
0
0
0
160
96
0
0
0
0
0
0
0
0
191
112
64
64
64
64
191
128
0
0
0
0
0
0
0
0
175
223
191
191
191
191
223
223
16
0
0
0
0
0
0
0
96
159
0
0
0
0
160
96
0
0
0
0
0
0
0
0
48
207
0
0
0
0
144
112
0
0
0
0
0
0
0
0
32
223
0
0
0
0
112
144
0
0
0
0
0
0
0
0
16
207
0
0
0
0
64
176
0
0
0
0
0
0
0
0
0
0
0
0
0
0
0
0
0
0
0
0
0
0
0
0
0
0
0
0
0
0
0
0
0
0
0
0
0
