0
0
0
0
0
0
0
0
0
0
0
0
0
0
0
0
0
0
0
0
0
0
0
0
0
0
0
0
0
0
0
0
0
0
0
0
0
0
0
0
0
0
0
0
0
0
0
0
0
0
0
159
16
0
0
0
0
223
16
0
0
0
0
0
0
0
0
160
112
0
0
0
16
239
0
0
0
0
0
0
0
0
0
128
128
0
0
0
64
191
0
0
0
0
0
0
0
0
0
128
128
0
0
0
64
191
0
0
0
0
0
0
0
0
0
160
96
0
0
0
64
191
0
0
0
0
0
0
0
0
0
191
64
0
32
32
112
207
0
0
0
0
0
0
0
0
0
191
255
255
223
223
191
223
0
0
0
0
0
0
0
0
0
207
48
0
0
0
0
239
16
0
0
0
0
0
0
0
0
223
32
0
0
0
0
223
48
0
0
0
0
0
0
0
0
239
16
0
0
0
0
175
96
0
0
0
0
0
0
0
0
175
0
0
0
0
0
128
144
0
0
0
0
0
0
0
0
0
0
0
0
0
0
48
96
0
0
0
0
0
0
0
0
0
0
0
0
0
0
0
0
0
0
0
0
0
