0
0
0
0
0
0
0
0
0
0
0
0
0
0
0
0
0
0
0
0
0
0
0
0
0
0
0
0
0
0
0
0
0
0
0
0
0
0
0
0
0
0
0
0
0
0
0
0
0
0
32
96
0
0
0
0
48
32
0
0
0
0
0
0
0
0
32
223
0
0
0
0
160
96
0
0
0
0
0
0
0
0
16
239
0
0
0
0
160
96
0
0
0
0
0
0
0
0
0
255
0
0
0
0
144
112
0
0
0
0
0
0
0
0
0
239
16
0
0
0
128
128
0
0
0
0
0
0
0
0
0
223
32
0
0
0
128
128
0
0
0
0
0
0
0
0
0
223
95
96
112
128
191
144
0
0
0
0
0
0
0
0
0
191
191
159
159
128
175
159
0
0
0
0
0
0
0
0
0
191
64
0
0
0
96
159
0
0
0
0
0
0
0
0
0
191
64
0
0
0
48
239
0
0
0
0
0
0
0
0
0
191
64
0
0
0
0
96
0
0
0
0
0
0
0
0
0
80
32
0
0
0
0
0
0
0
0
0
0
0
0
0
0
0
0
0
0
0
0
0
0
0
0
0
0
0
