0
0
0
0
0
0
0
0
0
0
0
0
0
0
0
0
0
0
0
0
0
0
0
0
0
0
0
0
0
0
0
0
0
0
0
0
0
0
0
0
0
0
0
0
0
0
0
0
0
0
0
80
48
0
0
0
0
0
0
0
0
0
0
0
0
0
0
144
112
0
0
0
64
96
0
0
0
0
0
0
0
0
0
160
96
0
0
0
96
159
0
0
0
0
0
0
0
0
0
160
96
0
0
0
96
159
0
0
0
0
0
0
0
0
0
160
96
0
0
0
96
159
0
0
0
0
0
0
0
0
0
175
175
128
128
128
159
191
0
0
0
0
0
0
0
0
0
191
159
128
128
128
144
207
0
0
0
0
0
0
0
0
0
191
64
0
0
0
32
223
0
0
0
0
0
0
0
0
0
191
64
0
0
0
16
239
0
0
0
0
0
0
0
0
0
191
64
0
0
0
0
255
0
0
0
0
0
0
0
0
0
80
32
0
0
0
0
255
0
0
0
0
0
0
0
0
0
0
0
0
0
0
0
144
0
0
0
0
0
0
0
0
0
0
0
0
0
0
0
0
0
0
0
0
0
0
