0
0
0
0
0
0
0
0
0
0
0
0
0
0
0
0
0
0
0
0
0
0
0
0
0
0
0
0
0
0
0
0
0
0
0
16
16
0
0
0
0
0
112
0
0
0
0
0
0
0
0
128
128
0
0
0
0
32
223
0
0
0
0
0
0
0
0
32
239
0
0
0
0
0
255
0
0
0
0
0
0
0
0
0
223
32
0
0
0
0
255
0
0
0
0
0
0
0
0
0
175
80
0
0
0
0
255
0
0
0
0
0
0
0
0
0
160
239
223
223
223
207
255
0
0
0
0
0
0
0
0
0
128
144
32
32
32
32
239
16
0
0
0
0
0
0
0
0
128
128
0
0
0
0
223
32
0
0
0
0
0
0
0
0
128
128
0
0
0
0
223
32
0
0
0
0
0
0
0
0
128
144
0
0
0
0
223
32
0
0
0
0
0
0
0
0
48
80
0
0
0
0
223
32
0
0
0
0
0
0
0
0
0
0
0
0
0
0
144
16
0
0
0
0
0
0
0
0
0
0
0
0
0
0
0
0
0
0
0
0
0
0
0
0
0
0
0
0
0
0
0
0
0
0
0
0
