0
0
0
0
0
0
0
0
0
0
0
0
0
0
0
0
0
0
0
0
0
0
0
0
0
0
0
0
0
0
0
0
0
0
0
0
0
0
0
0
0
0
0
16
32
0
0
0
0
0
0
0
64
176
0
0
0
0
0
128
128
0
0
0
0
0
0
0
32
223
0
0
0
0
0
128
128
0
0
0
0
0
0
0
16
255
0
0
0
0
0
128
128
0
0
0
0
0
0
0
0
223
48
0
0
0
0
128
128
0
0
0
0
0
0
0
0
160
191
159
159
191
207
239
176
0
0
0
0
0
0
0
0
128
175
96
96
64
64
144
128
0
0
0
0
0
0
0
0
128
128
0
0
0
0
128
128
0
0
0
0
0
0
0
0
112
144
0
0
0
0
128
128
0
0
0
0
0
0
0
0
96
159
0
0
0
0
128
128
0
0
0
0
0
0
0
0
64
191
0
0
0
0
96
96
0
0
0
0
0
0
0
0
32
96
0
0
0
0
0
0
0
0
0
0
0
0
0
0
0
0
0
0
0
0
0
0
0
0
0
0
0
0
0
0
0
0
0
0
0
0
0
0
0
0
0
