0
0
0
0
0
0
0
0
0
0
0
0
0
0
0
0
0
0
0
0
0
0
0
0
0
0
0
0
0
0
0
0
0
0
0
0
0
0
0
0
0
0
0
0
0
0
0
0
0
0
48
32
0
0
0
0
0
0
0
0
0
0
0
0
0
0
160
96
0
0
0
0
96
96
0
0
0
0
0
0
0
0
160
96
0
0
0
0
128
128
0
0
0
0
0
0
0
0
144
112
0
0
0
0
160
96
0
0
0
0
0
0
0
0
128
128
0
0
0
0
191
64
0
0
0
0
0
0
0
0
128
159
32
0
0
0
207
48
0
0
0
0
0
0
0
0
128
223
223
255
239
191
255
48
0
0
0
0
0
0
0
0
96
159
0
0
16
64
255
0
0
0
0
0
0
0
0
0
96
159
0
0
0
0
255
0
0
0
0
0
0
0
0
0
96
159
0
0
0
0
255
0
0
0
0
0
0
0
0
0
80
144
0
0
0
0
255
0
0
0
0
0
0
0
0
0
0
0
0
0
0
0
80
0
0
0
0
0
0
0
0
0
0
0
0
0
0
0
0
0
0
0
0
0
0
0
