0
0
0
0
0
0
0
0
0
0
0
0
0
0
0
0
0
0
0
0
0
0
0
0
0
0
0
0
0
0
0
0
0
0
0
0
0
0
0
0
0
0
0
0
0
0
0
0
0
0
0
0
112
128
0
0
0
0
159
16
0
0
0
0
0
0
0
0
96
159
0
0
0
0
223
32
0
0
0
0
0
0
0
0
80
176
0
0
0
0
223
32
0
0
0
0
0
0
0
0
32
223
0
0
0
0
223
32
0
0
0
0
0
0
0
0
0
255
0
0
0
0
223
32
0
0
0
0
0
0
0
0
0
255
0
0
0
0
223
32
0
0
0
0
0
0
0
0
0
239
255
255
255
255
255
32
0
0
0
0
0
0
0
0
0
160
96
0
0
0
223
32
0
0
0
0
0
0
0
0
0
128
128
0
0
0
175
80
0
0
0
0
0
0
0
0
0
128
128
0
0
0
144
112
0
0
0
0
0
0
0
0
0
128
128
0
0
0
96
159
0
0
0
0
0
0
0
0
0
48
32
0
0
0
16
16
0
0
0
0
0
0
0
0
0
0
0
0
0
0
0
0
0
0
0
0
