0
0
0
0
0
0
0
0
0
0
0
0
0
0
0
0
0
0
0
0
0
0
0
0
0
0
0
0
0
0
0
0
0
0
0
32
0
0
0
0
0
0
0
0
0
0
0
0
0
0
32
223
0
0
0
0
0
0
0
48
16
0
0
0
0
0
16
239
0
0
0
0
0
0
0
191
64
0
0
0
0
0
0
255
0
0
0
0
0
0
0
160
96
0
0
0
0
0
0
223
32
0
0
0
0
0
0
160
96
0
0
0
0
0
0
175
96
32
32
16
0
0
0
144
112
0
0
0
0
0
0
144
239
223
223
239
255
255
255
239
239
48
0
0
0
0
0
112
144
0
0
0
0
0
0
128
176
0
0
0
0
0
0
80
176
0
0
0
0
0
0
96
159
0
0
0
0
0
0
64
191
0
0
0
0
0
0
80
176
0
0
0
0
0
0
32
207
0
0
0
0
0
0
64
191
0
0
0
0
0
0
0
48
0
0
0
0
0
0
48
191
0
0
0
0
0
0
0
0
0
0
0
0
0
0
0
0
0
0
0
0
0
0
0
0
0
0
0
0
0
0
0
0
0
0
0
