0
0
0
0
0
0
0
0
0
0
0
0
0
0
0
0
0
0
0
0
0
0
16
64
0
0
0
0
0
0
0
0
0
0
0
0
0
0
96
239
16
0
0
0
0
0
0
0
0
0
0
0
0
0
175
239
128
0
0
0
0
0
0
0
0
0
0
0
0
0
239
64
239
32
0
0
0
0
0
0
0
0
0
0
0
64
207
0
128
191
0
0
0
0
0
0
0
0
0
0
0
143
159
0
0
207
127
0
0
0
0
0
0
0
0
0
32
223
32
64
143
239
255
80
0
0
0
0
0
0
0
0
127
239
223
191
112
48
112
191
0
0
0
0
0
0
0
0
223
96
64
0
0
0
0
191
64
0
0
0
0
0
0
80
191
0
0
0
0
0
0
64
191
0
0
0
0
0
0
128
128
0
0
0
0
0
0
0
223
64
0
0
0
0
0
32
16
0
0
0
0
0
0
0
80
32
0
0
0
0
0
0
0
0
0
0
0
0
0
0
0
0
0
0
0
0
0
0
0
0
0
0
0
0
0
0
0
0
0
0
0
0
0
0
0
0
0
0
0
0
0
0
0
0
0
0
