0
0
0
0
0
0
0
0
0
0
0
0
0
0
0
0
0
0
0
0
0
0
0
0
0
0
0
0
0
0
0
0
0
0
0
0
0
0
32
0
0
0
0
0
0
0
0
0
0
0
0
0
0
32
255
32
0
0
0
0
0
0
0
0
0
0
0
0
0
159
239
128
0
0
0
0
0
0
0
0
0
0
0
0
32
223
64
223
32
0
0
0
0
0
0
0
0
0
0
0
112
159
0
128
159
0
0
0
0
0
0
0
0
0
0
0
191
64
0
16
239
32
0
0
0
0
0
0
0
0
0
16
255
223
223
223
239
191
0
0
0
0
0
0
0
0
0
48
207
32
32
32
64
239
48
0
0
0
0
0
0
0
0
64
191
0
0
0
0
128
128
0
0
0
0
0
0
0
0
96
159
0
0
0
0
16
239
16
0
0
0
0
0
0
0
128
128
0
0
0
0
0
191
128
0
0
0
0
0
0
0
128
128
0
0
0
0
0
0
16
0
0
0
0
0
0
0
32
16
0
0
0
0
0
0
0
0
0
0
0
0
0
0
0
0
0
0
0
0
0
0
0
0
0
0
0
