0
0
0
0
0
0
0
0
0
0
0
0
0
0
0
0
0
0
0
0
0
0
0
159
144
0
0
0
0
0
0
0
0
0
0
0
0
0
0
223
207
0
0
0
0
0
0
0
0
0
0
0
0
0
96
175
239
0
0
0
0
0
0
0
0
0
0
0
0
0
207
64
223
64
0
0
0
0
0
0
0
0
0
0
0
32
223
0
128
128
0
0
0
0
0
0
0
0
0
0
0
159
159
0
64
239
0
0
0
0
0
0
0
0
0
0
0
223
48
0
0
191
64
0
0
0
0
0
0
0
0
0
96
239
239
255
255
255
159
0
0
0
0
0
0
0
0
0
191
80
0
0
0
16
239
16
0
0
0
0
0
0
0
0
255
16
0
0
0
0
191
112
0
0
0
0
0
0
0
32
223
0
0
0
0
0
64
191
0
0
0
0
0
0
0
16
96
0
0
0
0
0
0
223
64
0
0
0
0
0
0
0
0
0
0
0
0
0
0
0
0
0
0
0
0
0
0
0
0
0
0
0
0
0
0
0
0
0
0
0
0
0
0
0
0
0
0
0
0
0
0
0
0
0
0
0
