0
0
0
0
0
0
0
0
0
0
0
0
0
0
0
0
0
0
0
0
0
0
0
16
32
0
0
0
0
0
0
0
0
0
0
0
0
0
0
144
144
0
0
0
0
0
0
0
0
0
0
0
0
0
0
223
207
0
0
0
0
0
0
0
0
0
0
0
0
0
80
207
239
64
0
0
0
0
0
0
0
0
0
0
0
0
191
96
128
159
0
0
0
0
0
0
0
0
0
0
0
32
223
0
16
239
16
0
0
0
0
0
0
0
0
0
0
159
175
96
96
175
175
32
0
0
0
0
0
0
0
0
32
223
159
159
175
191
255
32
0
0
0
0
0
0
0
0
159
96
0
0
0
0
191
64
0
0
0
0
0
0
0
32
223
0
0
0
0
0
112
144
0
0
0
0
0
0
0
159
96
0
0
0
0
0
16
239
0
0
0
0
0
0
0
223
32
0
0
0
0
0
0
223
64
0
0
0
0
0
0
191
0
0
0
0
0
0
0
48
16
0
0
0
0
0
0
0
0
0
0
0
0
0
0
0
0
0
0
0
0
0
0
0
0
0
0
0
0
0
0
0
0
0
0
0
