0
0
0
0
0
0
0
0
0
0
0
0
0
0
0
0
0
0
0
0
0
0
0
159
64
0
0
0
0
0
0
0
0
0
0
0
0
0
16
239
112
0
0
0
0
0
0
0
0
0
0
0
0
0
80
255
128
0
0
0
0
0
0
0
0
0
0
0
0
0
159
191
191
0
0
0
0
0
0
0
0
0
0
0
0
0
239
48
239
16
0
0
0
0
0
0
0
0
0
0
0
96
191
0
191
96
0
0
0
0
0
0
0
0
0
0
0
191
80
0
96
191
0
0
0
0
0
0
0
0
0
0
48
255
159
175
207
255
64
0
0
0
0
0
0
0
0
0
144
159
96
80
64
175
112
0
0
0
0
0
0
0
0
0
191
64
0
0
0
96
176
0
0
0
0
0
0
0
0
0
223
32
0
0
0
16
239
16
0
0
0
0
0
0
0
0
175
16
0
0
0
0
112
32
0
0
0
0
0
0
0
0
0
0
0
0
0
0
0
0
0
0
0
0
0
0
0
0
0
0
0
0
0
0
0
0
0
0
0
0
0
0
0
0
0
0
0
0
0
0
0
0
0
0
0
0
