0
0
0
0
0
0
0
0
0
0
0
0
0
0
0
0
0
0
0
0
0
0
0
0
0
0
0
0
0
0
0
0
0
0
0
0
0
0
32
207
0
0
0
0
0
0
0
0
0
0
0
0
0
0
191
239
112
0
0
0
0
0
0
0
0
0
0
0
0
32
223
64
239
16
0
0
0
0
0
0
0
0
0
0
0
112
159
0
191
128
0
0
0
0
0
0
0
0
0
0
0
191
80
48
128
239
32
0
0
0
0
0
0
0
0
0
0
239
207
207
159
175
191
0
0
0
0
0
0
0
0
0
80
255
128
0
0
0
223
64
0
0
0
0
0
0
0
0
112
144
0
0
0
0
64
191
0
0
0
0
0
0
0
0
144
112
0
0
0
0
0
239
32
0
0
0
0
0
0
0
160
96
0
0
0
0
0
128
191
0
0
0
0
0
0
0
112
80
0
0
0
0
0
0
207
159
0
0
0
0
0
0
0
0
0
0
0
0
0
0
32
16
0
0
0
0
0
0
0
0
0
0
0
0
0
0
0
0
0
0
0
0
0
0
0
0
0
0
0
0
0
0
0
0
0
0
