0
0
0
0
0
0
0
0
0
0
0
0
0
0
0
0
0
0
0
0
0
0
0
0
0
0
0
0
0
0
0
0
0
0
0
0
0
0
32
127
0
0
0
0
0
0
0
0
0
0
0
0
0
0
80
255
64
0
0
0
0
0
0
0
0
0
0
0
0
0
144
207
207
0
0
0
0
0
0
0
0
0
0
0
0
0
207
48
191
128
0
0
0
0
0
0
0
0
0
0
0
32
223
0
32
239
64
0
0
0
0
0
0
0
0
0
0
80
176
0
64
207
223
16
0
0
0
0
0
0
0
0
0
159
127
191
239
112
175
128
0
0
0
0
0
0
0
0
0
223
255
144
0
0
16
239
48
0
0
0
0
0
0
0
64
223
32
0
0
0
0
112
191
0
0
0
0
0
0
0
128
144
0
0
0
0
0
0
223
64
0
0
0
0
0
0
175
80
0
0
0
0
0
0
96
191
0
0
0
0
0
0
144
48
0
0
0
0
0
0
0
64
0
0
0
0
0
0
0
0
0
0
0
0
0
0
0
0
0
0
0
0
0
0
0
0
0
0
0
0
0
0
0
0
0
0
