0
0
0
0
0
0
0
0
0
0
0
0
0
0
0
0
0
0
0
0
0
0
0
0
0
0
0
0
0
0
0
0
0
0
0
0
0
16
191
16
0
0
0
0
0
0
0
0
0
0
0
0
0
64
255
128
0
0
0
0
0
0
0
0
0
0
0
0
0
191
160
239
32
0
0
0
0
0
0
0
0
0
0
0
32
223
0
112
207
16
0
0
0
0
0
0
0
0
0
0
80
176
0
0
175
143
0
0
0
0
0
0
0
0
0
0
128
128
0
0
16
239
48
0
0
0
0
0
0
0
0
0
175
191
159
159
159
223
191
0
0
0
0
0
0
0
0
0
191
128
96
96
96
64
191
96
0
0
0
0
0
0
0
0
239
16
0
0
0
0
64
223
0
0
0
0
0
0
0
16
239
0
0
0
0
0
0
191
80
0
0
0
0
0
0
48
207
0
0
0
0
0
0
48
96
0
0
0
0
0
0
48
191
0
0
0
0
0
0
0
0
0
0
0
0
0
0
0
0
0
0
0
0
0
0
0
0
0
0
0
0
0
0
0
0
0
0
0
0
0
0
0
0
0
0
0
