0
0
0
0
0
0
0
0
0
0
0
0
0
0
0
0
0
0
0
0
0
0
0
0
0
0
0
0
0
0
0
0
0
0
0
0
0
0
175
16
0
0
0
0
0
0
0
0
0
0
0
0
0
96
255
80
0
0
0
0
0
0
0
0
0
0
0
0
0
223
207
128
0
0
0
0
0
0
0
0
0
0
0
0
96
191
32
239
16
0
0
0
0
0
0
0
0
0
0
0
191
80
0
128
143
0
0
0
0
0
0
0
0
0
0
16
239
0
0
16
239
32
0
0
0
0
0
0
0
0
0
80
207
32
32
32
175
159
0
0
0
0
0
0
0
0
0
128
239
223
223
223
191
239
16
0
0
0
0
0
0
0
0
160
96
0
0
0
0
144
128
0
0
0
0
0
0
0
0
175
80
0
0
0
0
64
191
0
0
0
0
0
0
0
0
191
64
0
0
0
0
0
239
64
0
0
0
0
0
0
0
112
32
0
0
0
0
0
96
96
0
0
0
0
0
0
0
0
0
0
0
0
0
0
0
0
0
0
0
0
0
0
0
0
0
0
0
0
0
0
0
0
0
0
0
0
