0
0
0
0
0
0
0
0
0
0
0
0
0
0
0
0
0
0
0
0
0
0
95
64
0
0
0
0
0
0
0
0
0
0
0
0
0
32
223
159
0
0
0
0
0
0
0
0
0
0
0
0
0
96
239
159
0
0
0
0
0
0
0
0
0
0
0
0
0
191
96
239
16
0
0
0
0
0
0
0
0
0
0
0
32
223
0
191
128
0
0
0
0
0
0
0
0
0
0
0
112
159
0
32
223
32
0
0
0
0
0
0
0
0
0
0
191
80
0
0
159
191
0
0
0
0
0
0
0
0
0
32
255
159
191
239
223
223
64
0
0
0
0
0
0
0
0
112
175
96
80
16
0
64
223
16
0
0
0
0
0
0
0
207
64
0
0
0
0
0
175
143
0
0
0
0
0
0
0
255
0
0
0
0
0
0
16
239
64
0
0
0
0
0
16
207
0
0
0
0
0
0
0
112
176
0
0
0
0
0
0
0
0
0
0
0
0
0
0
0
16
0
0
0
0
0
0
0
0
0
0
0
0
0
0
0
0
0
0
0
0
0
0
0
0
0
0
0
0
0
0
0
0
0
0
0
