0
0
0
0
0
0
0
16
0
0
0
0
0
0
0
0
0
0
0
0
0
0
127
223
0
0
0
0
0
0
0
0
0
0
0
0
0
32
223
239
16
0
0
0
0
0
0
0
0
0
0
0
0
159
159
144
128
0
0
0
0
0
0
0
0
0
0
0
0
223
32
32
239
16
0
0
0
0
0
0
0
0
0
0
80
191
0
0
160
128
0
0
0
0
0
0
0
0
0
0
159
96
0
0
64
239
0
0
0
0
0
0
0
0
0
0
207
48
0
0
0
191
64
0
0
0
0
0
0
0
0
0
255
96
112
159
191
239
191
0
0
0
0
0
0
0
0
32
239
159
144
96
80
48
239
16
0
0
0
0
0
0
0
32
223
0
0
0
0
0
160
112
0
0
0
0
0
0
0
64
191
0
0
0
0
0
80
191
0
0
0
0
0
0
0
48
191
0
0
0
0
0
16
239
16
0
0
0
0
0
0
0
32
0
0
0
0
0
0
191
64
0
0
0
0
0
0
0
0
0
0
0
0
0
0
64
80
0
0
0
0
0
0
0
0
0
0
0
0
0
0
0
0
0
0
0
