0
0
0
0
0
0
0
0
0
0
0
0
0
0
0
0
0
0
0
0
0
0
0
0
0
0
0
0
0
0
0
0
0
0
0
0
0
0
0
111
64
0
0
0
0
0
0
0
0
0
0
0
0
0
0
223
159
0
0
0
0
0
0
0
0
0
0
0
0
0
64
239
223
0
0
0
0
0
0
0
0
0
0
0
0
0
159
96
239
16
0
0
0
0
0
0
0
0
0
0
0
32
255
16
191
64
0
0
0
0
0
0
0
0
0
0
0
96
159
0
128
144
0
0
0
0
0
0
0
0
0
0
0
191
175
128
175
207
0
0
0
0
0
0
0
0
0
0
0
255
128
128
112
239
16
0
0
0
0
0
0
0
0
0
48
207
0
0
0
160
112
0
0
0
0
0
0
0
0
0
80
176
0
0
0
64
223
16
0
0
0
0
0
0
0
0
32
96
0
0
0
0
191
128
0
0
0
0
0
0
0
0
0
0
0
0
0
0
32
223
16
0
0
0
0
0
0
0
0
0
0
0
0
0
0
32
0
0
0
0
0
0
0
0
0
0
0
0
0
0
0
0
0
0
0
0
