0
0
0
0
0
0
0
0
0
0
0
0
0
0
0
0
0
0
0
0
0
0
64
223
0
0
0
0
0
0
0
0
0
0
0
0
0
0
144
255
96
0
0
0
0
0
0
0
0
0
0
0
0
0
191
128
239
16
0
0
0
0
0
0
0
0
0
0
0
32
239
0
191
112
0
0
0
0
0
0
0
0
0
0
0
96
159
0
64
223
0
0
0
0
0
0
0
0
0
0
0
175
96
0
0
191
64
0
0
0
0
0
0
0
0
0
0
255
16
0
0
112
191
0
0
0
0
0
0
0
0
0
64
255
255
255
255
255
239
16
0
0
0
0
0
0
0
0
144
112
0
0
0
0
160
112
0
0
0
0
0
0
0
0
207
64
0
0
0
0
64
191
0
0
0
0
0
0
0
0
255
0
0
0
0
0
0
239
64
0
0
0
0
0
0
48
207
0
0
0
0
0
0
80
32
0
0
0
0
0
0
48
191
0
0
0
0
0
0
0
0
0
0
0
0
0
0
0
0
0
0
0
0
0
0
0
0
0
0
0
0
0
0
0
0
0
0
0
0
0
0
0
0
0
0
0
