0
0
0
0
0
0
0
0
0
0
0
0
0
0
0
0
0
0
0
0
0
0
0
0
0
0
0
0
0
0
0
0
0
0
0
0
0
0
16
16
0
0
0
0
0
0
0
0
0
0
0
0
0
0
223
112
0
0
0
0
0
0
0
0
0
0
0
0
0
64
255
159
0
0
0
0
0
0
0
0
0
0
0
0
0
112
160
239
16
0
0
0
0
0
0
0
0
0
0
0
0
191
64
175
128
0
0
0
0
0
0
0
0
0
0
0
32
223
0
64
239
16
0
0
0
0
0
0
0
0
0
0
159
175
112
159
207
112
0
0
0
0
0
0
0
0
0
64
255
207
144
96
64
223
0
0
0
0
0
0
0
0
0
96
159
0
0
0
0
191
112
0
0
0
0
0
0
0
0
191
64
0
0
0
0
64
191
0
0
0
0
0
0
0
0
255
0
0
0
0
0
0
223
95
0
0
0
0
0
0
32
223
0
0
0
0
0
0
32
159
0
0
0
0
0
0
0
64
0
0
0
0
0
0
0
0
0
0
0
0
0
0
0
0
0
0
0
0
0
0
0
0
0
0
0
0
