0
0
0
0
0
0
0
0
0
0
0
0
0
0
0
0
0
0
0
0
0
0
0
0
0
0
0
0
0
0
0
0
0
0
0
0
0
0
143
159
0
0
0
0
0
0
0
0
0
0
0
0
0
32
223
207
0
0
0
0
0
0
0
0
0
0
0
0
0
127
159
239
64
0
0
0
0
0
0
0
0
0
0
0
32
255
32
128
191
0
0
0
0
0
0
0
0
0
0
0
96
159
0
16
255
64
0
0
0
0
0
0
0
0
0
0
191
111
127
239
175
223
0
0
0
0
0
0
0
0
0
0
239
223
144
48
0
191
128
0
0
0
0
0
0
0
0
48
207
0
0
0
0
32
239
0
0
0
0
0
0
0
0
64
191
0
0
0
0
0
191
64
0
0
0
0
0
0
0
80
191
0
0
0
0
0
96
80
0
0
0
0
0
0
0
16
16
0
0
0
0
0
0
0
0
0
0
0
0
0
0
0
0
0
0
0
0
0
0
0
0
0
0
0
0
0
0
0
0
0
0
0
0
0
0
0
0
0
0
0
0
0
0
0
0
0
0
0
0
0
0
0
0
0
0
0
