0
0
0
0
0
0
0
0
0
0
0
0
0
0
0
0
0
0
0
0
0
16
48
16
0
0
0
0
0
0
0
0
0
0
0
0
80
239
207
239
143
0
0
0
0
0
0
0
0
0
0
0
96
176
0
16
207
48
0
0
0
0
0
0
0
0
0
0
80
176
0
0
191
64
0
0
0
0
0
0
0
0
0
0
48
207
0
0
207
64
0
0
0
0
0
0
0
0
0
0
32
223
80
159
239
0
0
0
0
0
0
0
0
0
0
0
0
255
191
191
239
255
207
96
0
0
0
0
0
0
0
0
0
223
32
0
0
0
48
239
64
0
0
0
0
0
0
0
0
191
64
0
0
0
0
128
144
0
0
0
0
0
0
0
0
160
96
0
0
0
0
96
159
0
0
0
0
0
0
0
0
144
112
0
0
0
0
159
96
0
0
0
0
0
0
0
0
128
128
16
48
96
191
207
0
0
0
0
0
0
0
0
0
96
239
239
207
159
112
16
0
0
0
0
0
0
0
0
0
0
0
0
0
0
0
0
0
0
0
0
0
0
0
0
0
0
0
0
0
0
0
0
0
0
0
0
