0
0
0
0
0
0
0
0
0
0
0
0
0
0
0
0
0
0
0
0
0
0
0
0
0
0
0
0
0
0
0
0
0
0
32
127
223
207
159
32
0
0
0
0
0
0
0
0
0
0
112
223
64
64
160
223
16
0
0
0
0
0
0
0
0
0
32
223
0
0
0
191
112
0
0
0
0
0
0
0
0
0
32
223
0
0
0
143
144
0
0
0
0
0
0
0
0
0
32
223
64
159
239
223
32
0
0
0
0
0
0
0
0
0
16
255
191
144
191
239
223
96
0
0
0
0
0
0
0
0
0
239
16
0
0
0
32
223
112
0
0
0
0
0
0
0
0
223
32
0
0
0
0
48
239
0
0
0
0
0
0
0
0
223
32
0
0
0
0
0
255
0
0
0
0
0
0
0
0
223
64
0
0
0
0
127
207
0
0
0
0
0
0
0
0
207
223
255
239
223
239
191
32
0
0
0
0
0
0
0
0
0
0
0
16
32
16
0
0
0
0
0
0
0
0
0
0
0
0
0
0
0
0
0
0
0
0
0
0
0
0
0
0
0
0
0
0
0
0
0
0
0
0
0
0
0
