0
0
0
0
0
0
0
0
0
0
0
0
0
0
0
0
0
0
0
0
0
0
0
0
0
0
0
0
0
0
0
0
0
0
0
0
0
0
0
0
0
0
0
0
0
0
0
0
0
0
0
0
0
191
144
112
48
0
0
0
0
0
0
0
0
0
0
0
0
191
191
144
223
143
0
0
0
0
0
0
0
0
0
0
0
191
64
0
16
223
64
0
0
0
0
0
0
0
0
0
0
160
96
0
0
144
112
0
0
0
0
0
0
0
0
0
0
160
191
191
191
239
96
0
0
0
0
0
0
0
0
0
0
128
191
144
191
223
191
32
0
0
0
0
0
0
0
0
0
96
159
0
0
0
144
191
0
0
0
0
0
0
0
0
0
48
223
0
0
0
32
223
0
0
0
0
0
0
0
0
0
0
223
64
0
0
80
207
0
0
0
0
0
0
0
0
0
0
144
239
191
191
223
80
0
0
0
0
0
0
0
0
0
0
32
48
64
64
16
0
0
0
0
0
0
0
0
0
0
0
0
0
0
0
0
0
0
0
0
0
0
0
0
0
0
0
0
0
0
0
0
0
0
0
0
0
