0
0
0
0
0
0
0
0
0
0
0
0
0
0
0
0
0
0
0
0
0
0
0
0
0
0
0
0
0
0
0
0
0
0
0
0
0
64
128
96
0
0
0
0
0
0
0
0
0
0
0
0
80
239
144
223
96
0
0
0
0
0
0
0
0
0
0
0
96
159
0
80
176
0
0
0
0
0
0
0
0
0
0
0
112
144
16
175
144
0
0
0
0
0
0
0
0
0
0
0
128
239
239
255
64
0
0
0
0
0
0
0
0
0
0
0
112
159
64
96
223
159
16
0
0
0
0
0
0
0
0
0
96
159
0
0
16
128
207
0
0
0
0
0
0
0
0
0
96
159
0
0
0
0
191
64
0
0
0
0
0
0
0
0
96
159
0
0
0
32
223
64
0
0
0
0
0
0
0
0
207
207
96
112
191
239
112
0
0
0
0
0
0
0
0
0
128
223
159
144
64
16
0
0
0
0
0
0
0
0
0
0
0
16
0
0
0
0
0
0
0
0
0
0
0
0
0
0
0
0
0
0
0
0
0
0
0
0
0
0
0
0
0
0
0
0
0
0
0
0
0
0
0
0
0
0
