0
0
0
0
0
0
0
0
0
0
0
0
0
0
0
0
0
0
0
0
48
112
159
159
143
64
0
0
0
0
0
0
0
0
0
0
223
175
96
96
112
223
64
0
0
0
0
0
0
0
0
0
160
96
0
0
0
80
176
0
0
0
0
0
0
0
0
0
160
96
0
0
0
48
207
0
0
0
0
0
0
0
0
0
175
143
80
64
64
207
128
0
0
0
0
0
0
0
0
0
160
207
175
207
255
223
48
0
0
0
0
0
0
0
0
0
160
96
0
0
16
96
223
80
0
0
0
0
0
0
0
0
160
96
0
0
0
0
96
159
0
0
0
0
0
0
0
0
160
96
0
0
0
0
96
159
0
0
0
0
0
0
0
0
160
96
0
0
0
0
159
96
0
0
0
0
0
0
0
0
160
175
128
128
128
191
207
16
0
0
0
0
0
0
0
0
32
128
128
128
128
64
0
0
0
0
0
0
0
0
0
0
0
0
0
0
0
0
0
0
0
0
0
0
0
0
0
0
0
0
0
0
0
0
0
0
0
0
0
0
0
0
0
0
0
0
0
0
0
0
0
0
0
0
0
0
