0
0
0
0
0
0
0
0
0
0
0
0
0
0
0
0
0
0
0
0
0
0
0
0
0
0
0
0
0
0
0
0
0
0
0
0
96
143
159
128
32
0
0
0
0
0
0
0
0
0
0
0
160
159
96
128
223
95
0
0
0
0
0
0
0
0
0
0
160
96
0
0
32
223
64
0
0
0
0
0
0
0
0
0
160
96
0
16
64
223
96
0
0
0
0
0
0
0
0
0
144
255
223
239
239
96
0
0
0
0
0
0
0
0
0
0
128
144
64
96
223
143
0
0
0
0
0
0
0
0
0
0
128
128
0
0
16
207
128
0
0
0
0
0
0
0
0
0
128
128
0
0
0
80
191
0
0
0
0
0
0
0
0
0
96
159
0
0
0
111
176
0
0
0
0
0
0
0
0
0
96
239
223
223
223
223
32
0
0
0
0
0
0
0
0
16
207
175
32
32
32
0
0
0
0
0
0
0
0
0
0
0
0
0
0
0
0
0
0
0
0
0
0
0
0
0
0
0
0
0
0
0
0
0
0
0
0
0
0
0
0
0
0
0
0
0
0
0
0
0
0
0
0
0
0
0
