0
0
0
0
0
0
0
0
0
0
0
0
0
0
0
0
0
0
0
0
0
0
0
0
0
0
0
0
0
0
0
0
0
0
0
32
127
48
0
0
0
0
0
0
0
0
0
0
0
0
0
48
255
223
223
16
0
0
0
0
0
0
0
0
0
0
0
32
223
0
144
143
0
0
0
0
0
0
0
0
0
0
0
32
223
16
80
207
0
0
0
0
0
0
0
0
0
0
0
16
255
255
255
144
48
0
0
0
0
0
0
0
0
0
0
0
255
16
96
175
239
127
0
0
0
0
0
0
0
0
0
32
223
0
0
0
16
223
64
0
0
0
0
0
0
0
0
32
223
0
0
0
0
96
176
0
0
0
0
0
0
0
0
0
223
32
0
0
0
64
191
0
0
0
0
0
0
0
0
0
144
112
16
64
96
223
96
0
0
0
0
0
0
0
0
0
96
255
255
207
159
64
0
0
0
0
0
0
0
0
0
0
16
48
0
0
0
0
0
0
0
0
0
0
0
0
0
0
0
0
0
0
0
0
0
0
0
0
0
0
0
0
0
0
0
0
0
0
0
0
0
0
0
0
0
0
