0
0
0
0
0
0
0
0
0
0
0
0
0
0
0
0
0
0
0
0
0
0
0
0
0
0
0
0
0
0
0
0
0
0
0
48
191
96
128
80
0
0
0
0
0
0
0
0
0
0
0
64
223
159
128
175
223
32
0
0
0
0
0
0
0
0
0
32
223
0
0
0
144
176
0
0
0
0
0
0
0
0
0
0
255
16
0
0
64
239
80
0
0
0
0
0
0
0
0
0
207
128
143
223
239
159
191
191
0
0
0
0
0
0
0
0
144
207
159
112
16
0
0
223
48
0
0
0
0
0
0
0
96
191
0
0
0
0
0
175
80
0
0
0
0
0
0
0
16
239
16
0
0
0
0
223
64
0
0
0
0
0
0
0
0
191
64
0
0
16
143
207
0
0
0
0
0
0
0
0
0
144
191
191
223
239
128
16
0
0
0
0
0
0
0
0
0
96
112
64
32
0
0
0
0
0
0
0
0
0
0
0
0
0
0
0
0
0
0
0
0
0
0
0
0
0
0
0
0
0
0
0
0
0
0
0
0
0
0
0
0
0
0
0
0
0
0
0
0
0
0
0
0
0
0
0
