0
0
0
0
0
0
0
0
0
0
0
0
0
0
0
0
0
0
0
0
0
0
0
0
0
0
0
0
0
0
0
0
0
0
0
0
0
0
16
64
16
0
0
0
0
0
0
0
0
0
0
0
127
191
239
207
223
16
0
0
0
0
0
0
0
0
0
16
223
96
16
0
239
16
0
0
0
0
0
0
0
0
0
0
191
64
16
143
175
0
0
0
0
0
0
0
0
0
0
0
191
191
239
255
112
0
0
0
0
0
0
0
0
0
0
0
191
128
96
112
160
223
32
0
0
0
0
0
0
0
0
0
191
64
0
0
0
112
239
32
0
0
0
0
0
0
0
0
191
64
0
0
0
0
144
112
0
0
0
0
0
0
0
0
191
64
0
0
0
0
159
128
0
0
0
0
0
0
0
0
191
64
0
0
0
48
223
32
0
0
0
0
0
0
0
0
191
159
96
96
143
239
96
0
0
0
0
0
0
0
0
0
191
159
159
159
112
16
0
0
0
0
0
0
0
0
0
0
0
0
0
0
0
0
0
0
0
0
0
0
0
0
0
0
0
0
0
0
0
0
0
0
0
0
0
0
