0
0
0
0
0
0
0
0
0
0
0
0
0
0
0
0
0
0
0
0
0
0
0
0
0
0
0
0
0
0
0
0
0
0
0
48
96
112
128
128
96
0
0
0
0
0
0
0
0
0
0
144
207
144
128
128
223
95
0
0
0
0
0
0
0
0
0
128
128
0
0
0
80
191
0
0
0
0
0
0
0
0
0
128
128
0
0
16
175
112
0
0
0
0
0
0
0
0
0
128
223
191
207
239
160
0
0
0
0
0
0
0
0
0
0
144
160
112
191
223
96
0
0
0
0
0
0
0
0
0
0
160
96
0
0
32
223
143
0
0
0
0
0
0
0
0
0
160
96
0
0
0
16
207
112
0
0
0
0
0
0
0
0
112
144
0
0
0
0
80
176
0
0
0
0
0
0
0
0
96
175
16
0
0
0
96
159
0
0
0
0
0
0
0
0
16
160
223
159
128
175
223
32
0
0
0
0
0
0
0
0
0
0
32
96
128
112
16
0
0
0
0
0
0
0
0
0
0
0
0
0
0
0
0
0
0
0
0
0
0
0
0
0
0
0
0
0
0
0
0
0
0
0
0
0
0
