0
0
0
0
0
0
0
0
0
0
0
0
0
0
0
0
0
0
0
0
0
0
0
0
0
0
0
0
0
0
0
0
0
0
0
0
111
239
207
143
32
0
0
0
0
0
0
0
0
0
0
32
223
32
64
160
191
0
0
0
0
0
0
0
0
0
0
32
223
0
0
0
223
48
0
0
0
0
0
0
0
0
0
32
223
32
48
127
239
32
0
0
0
0
0
0
0
0
0
0
255
255
255
255
144
0
0
0
0
0
0
0
0
0
0
0
223
32
32
80
223
191
16
0
0
0
0
0
0
0
0
0
175
80
0
0
0
128
191
0
0
0
0
0
0
0
0
0
144
112
0
0
0
0
191
80
0
0
0
0
0
0
0
0
112
144
0
0
0
0
159
128
0
0
0
0
0
0
0
0
127
175
32
32
80
127
239
32
0
0
0
0
0
0
0
0
191
239
223
223
175
128
16
0
0
0
0
0
0
0
0
0
0
0
0
0
0
0
0
0
0
0
0
0
0
0
0
0
0
0
0
0
0
0
0
0
0
0
0
0
0
0
0
0
0
0
0
0
0
0
0
0
0
0
0
0
