0
0
0
0
0
0
0
0
0
0
0
0
0
0
0
0
0
0
0
0
0
0
0
0
0
0
0
0
0
0
0
0
0
0
0
0
191
128
64
0
0
0
0
0
0
0
0
0
0
0
0
0
255
144
223
127
0
0
0
0
0
0
0
0
0
0
0
0
255
0
32
239
32
0
0
0
0
0
0
0
0
0
0
0
239
16
0
175
80
0
0
0
0
0
0
0
0
0
0
64
255
255
255
255
239
207
191
48
0
0
0
0
0
0
0
0
223
48
0
32
32
48
112
207
0
0
0
0
0
0
0
0
223
32
0
0
0
0
0
239
16
0
0
0
0
0
0
0
223
32
0
0
0
0
48
223
0
0
0
0
0
0
0
0
191
64
0
0
32
127
239
48
0
0
0
0
0
0
0
0
144
207
207
239
223
128
16
0
0
0
0
0
0
0
0
0
32
80
48
32
0
0
0
0
0
0
0
0
0
0
0
0
0
0
0
0
0
0
0
0
0
0
0
0
0
0
0
0
0
0
0
0
0
0
0
0
0
0
0
0
0
0
0
0
0
0
0
0
0
0
0
0
0
0
0
0
