0
0
0
0
0
0
0
0
0
0
0
0
0
0
0
0
0
0
0
0
16
48
0
0
0
0
0
0
0
0
0
0
0
0
0
128
239
207
223
32
0
0
0
0
0
0
0
0
0
0
0
160
96
0
96
223
16
0
0
0
0
0
0
0
0
0
0
144
112
0
0
160
112
0
0
0
0
0
0
0
0
0
0
128
128
64
191
239
32
0
0
0
0
0
0
0
0
0
0
128
239
255
255
112
32
0
0
0
0
0
0
0
0
0
0
96
192
48
64
160
223
48
0
0
0
0
0
0
0
0
0
80
176
0
0
0
48
223
16
0
0
0
0
0
0
0
0
32
223
0
0
0
0
144
112
0
0
0
0
0
0
0
0
0
239
16
0
0
16
175
96
0
0
0
0
0
0
0
0
0
207
191
191
207
239
175
0
0
0
0
0
0
0
0
0
0
144
160
64
48
16
0
0
0
0
0
0
0
0
0
0
0
16
16
0
0
0
0
0
0
0
0
0
0
0
0
0
0
0
0
0
0
0
0
0
0
0
0
0
0
0
0
0
0
0
0
0
0
0
0
0
0
0
0
0
0
