0
0
0
0
0
0
0
0
0
0
0
0
0
0
0
0
0
0
0
0
0
0
0
0
0
0
0
0
0
0
0
0
0
0
0
191
64
112
48
0
0
0
0
0
0
0
0
0
0
0
0
223
191
160
223
223
32
0
0
0
0
0
0
0
0
0
0
223
48
0
0
160
128
0
0
0
0
0
0
0
0
0
0
175
128
96
143
239
32
0
0
0
0
0
0
0
0
0
0
144
239
223
207
223
207
16
0
0
0
0
0
0
0
0
0
96
159
0
0
0
160
128
0
0
0
0
0
0
0
0
0
80
176
0
0
0
48
223
0
0
0
0
0
0
0
0
0
64
207
0
0
0
0
239
32
0
0
0
0
0
0
0
0
32
223
0
0
0
0
191
64
0
0
0
0
0
0
0
16
223
239
128
112
112
159
223
16
0
0
0
0
0
0
0
0
48
175
128
159
144
112
16
0
0
0
0
0
0
0
0
0
0
0
0
0
0
0
0
0
0
0
0
0
0
0
0
0
0
0
0
0
0
0
0
0
0
0
0
0
0
0
0
0
0
0
0
0
0
0
0
0
0
0
0
0
0
