0
0
0
0
0
0
0
0
0
0
0
0
0
0
0
0
0
0
0
0
0
0
0
0
0
0
0
0
0
0
0
0
0
0
0
0
0
16
127
175
80
0
0
0
0
0
0
0
0
0
0
0
112
239
159
80
239
48
0
0
0
0
0
0
0
0
0
0
96
159
0
0
128
159
0
0
0
0
0
0
0
0
0
0
48
207
0
16
159
144
0
0
0
0
0
0
0
0
0
0
16
239
159
255
239
32
0
0
0
0
0
0
0
0
0
0
0
239
144
175
191
223
80
0
0
0
0
0
0
0
0
0
0
223
48
0
0
32
223
95
0
0
0
0
0
0
0
0
0
160
96
0
0
0
32
239
0
0
0
0
0
0
0
0
0
128
128
0
0
0
0
239
32
0
0
0
0
0
0
0
0
112
175
96
128
159
239
160
0
0
0
0
0
0
0
0
0
48
175
159
128
96
32
0
0
0
0
0
0
0
0
0
0
0
0
0
0
0
0
0
0
0
0
0
0
0
0
0
0
0
0
0
0
0
0
0
0
0
0
0
0
0
0
0
0
0
0
0
0
0
0
0
0
0
0
0
