0
0
0
0
0
0
0
0
0
0
0
0
0
0
0
0
0
16
64
0
0
0
0
0
0
0
0
0
0
0
0
0
0
64
191
0
0
0
0
0
0
0
0
0
0
0
0
0
0
32
223
0
0
0
0
0
0
0
0
0
0
0
0
0
0
16
255
0
0
0
0
0
0
0
0
0
0
0
0
0
0
0
223
32
0
0
0
0
0
0
0
0
0
0
0
0
0
0
175
80
0
0
0
0
0
0
0
0
0
0
0
0
0
0
144
112
0
0
0
0
0
0
0
0
0
0
0
0
0
0
112
159
0
0
0
0
0
0
0
0
0
0
0
0
0
0
80
176
0
0
0
0
0
0
0
0
0
0
0
0
0
0
32
223
0
0
0
0
0
0
0
0
0
0
0
0
0
0
32
223
0
0
0
0
0
0
0
0
0
0
0
0
0
0
16
223
159
159
159
128
128
96
80
64
64
32
0
0
0
0
0
32
96
96
96
128
128
159
175
191
191
223
64
0
0
0
0
0
0
0
0
0
0
0
0
0
0
0
0
0
0
0
0
0
0
0
0
0
0
0
0
0
0
0
0
0
