0
0
0
0
0
0
0
0
0
0
0
0
0
0
0
0
0
32
32
0
0
0
0
0
0
0
0
0
0
0
0
0
0
112
144
0
0
0
0
0
0
0
0
0
0
0
0
0
0
96
159
0
0
0
0
0
0
0
0
0
0
0
0
0
0
48
207
0
0
0
0
0
0
0
0
0
0
0
0
0
0
16
239
0
0
0
0
0
0
0
0
0
0
0
0
0
0
0
223
32
0
0
0
0
0
0
0
0
0
0
0
0
0
0
175
80
0
0
0
0
0
0
0
0
0
0
0
0
0
0
144
112
0
0
0
0
0
0
0
0
0
0
0
0
0
0
112
144
0
0
0
0
0
0
0
0
0
0
0
0
0
0
96
159
0
0
0
0
0
0
0
0
0
0
0
0
0
0
96
159
0
0
0
0
0
0
0
0
0
0
0
0
0
0
64
207
64
64
64
80
96
143
159
207
223
159
0
0
0
0
0
128
191
191
191
175
159
112
96
48
32
16
0
0
0
0
0
0
0
0
0
0
0
0
0
0
0
0
0
0
0
0
0
0
0
0
0
0
0
0
0
0
0
0
0
0
