0
0
0
0
0
0
0
0
0
0
0
0
0
0
0
0
0
0
0
0
0
0
0
0
0
0
0
0
0
0
0
0
0
0
0
0
0
0
0
0
0
0
0
0
0
0
0
0
0
80
96
0
0
0
0
0
0
0
0
0
0
0
0
0
0
128
128
0
0
0
0
0
0
0
0
0
0
0
0
0
0
112
144
0
0
0
0
0
0
0
0
0
0
0
0
0
0
80
176
0
0
0
0
0
0
0
0
0
0
0
0
0
0
32
223
0
0
0
0
0
0
0
0
0
0
0
0
0
0
0
239
16
0
0
0
0
0
0
0
0
0
0
0
0
0
0
207
64
0
0
0
0
0
0
0
0
0
0
0
0
0
0
144
112
0
0
0
0
0
0
0
0
0
0
0
0
0
0
96
159
0
0
0
0
0
0
0
0
0
0
0
0
0
0
48
223
64
32
32
32
16
0
0
0
0
0
0
0
0
0
16
160
191
223
223
223
239
255
255
255
255
32
0
0
0
0
0
0
0
0
0
0
0
0
0
0
0
0
0
0
0
0
0
0
0
0
0
0
0
0
0
0
0
0
0
0
