0
0
0
0
0
0
0
0
0
0
0
0
0
0
0
0
0
0
0
0
0
0
0
0
0
0
0
0
0
0
0
0
0
0
0
80
0
0
0
0
0
0
0
0
0
0
0
0
0
0
16
239
0
0
0
0
0
0
0
0
0
0
0
0
0
0
0
223
32
0
0
0
0
0
0
0
0
0
0
0
0
0
0
207
48
0
0
0
0
0
0
0
0
0
0
0
0
0
0
175
96
0
0
0
0
0
0
0
0
0
0
0
0
0
0
160
112
0
0
0
0
0
0
0
0
0
0
0
0
0
0
128
128
0
0
0
0
0
0
0
0
0
0
0
0
0
0
96
159
0
0
0
0
0
0
0
0
0
0
0
0
0
0
96
159
0
0
0
0
0
0
0
0
0
0
0
0
0
0
64
191
0
0
0
0
0
0
16
0
0
0
0
0
0
0
32
239
96
112
143
159
207
239
239
64
0
0
0
0
0
0
0
128
159
144
112
96
48
32
0
0
0
0
0
0
0
0
0
0
0
0
0
0
0
0
0
0
0
0
0
0
0
0
0
0
0
0
0
0
0
0
0
0
0
0
0
