0
0
0
0
0
0
0
0
0
0
0
0
0
0
0
0
0
0
0
0
0
0
0
0
0
0
0
0
0
0
0
0
0
96
16
0
0
0
0
0
0
0
0
0
0
0
0
0
0
191
64
0
0
0
0
0
0
0
0
0
0
0
0
0
0
175
80
0
0
0
0
0
0
0
0
0
0
0
0
0
0
160
96
0
0
0
0
0
0
0
0
0
0
0
0
0
0
144
128
0
0
0
0
0
0
0
0
0
0
0
0
0
0
112
144
0
0
0
0
0
0
0
0
0
0
0
0
0
0
96
159
0
0
0
0
0
0
0
0
0
0
0
0
0
0
80
176
0
0
0
0
0
0
0
0
0
0
0
0
0
0
64
191
0
0
0
0
0
0
0
0
0
0
0
0
0
0
32
223
0
0
0
0
0
0
0
0
0
0
0
0
0
0
16
239
0
0
0
0
16
127
175
191
191
159
48
0
0
0
0
239
128
143
159
207
239
144
80
64
64
96
32
0
0
0
0
80
128
112
96
48
16
0
0
0
0
0
0
0
0
0
0
0
0
0
0
0
0
0
0
0
0
0
0
0
0
