0
0
0
0
0
0
0
0
0
0
0
0
0
0
0
0
0
0
32
96
0
0
0
0
0
0
0
0
0
0
0
0
0
0
80
176
0
0
0
0
0
0
0
0
0
0
0
0
0
0
48
207
0
0
0
0
0
0
0
0
0
0
0
0
0
0
16
239
0
0
0
0
0
0
0
0
0
0
0
0
0
0
0
239
16
0
0
0
0
0
0
0
0
0
0
0
0
0
0
207
48
0
0
0
0
0
0
0
0
0
0
0
0
0
0
160
96
0
0
0
0
0
0
0
0
0
0
0
0
0
0
128
128
0
0
0
0
0
0
0
0
0
0
0
0
0
0
96
159
0
0
0
0
0
0
0
0
0
0
0
0
0
0
80
176
0
0
0
0
0
0
0
0
0
0
0
0
0
0
64
191
0
0
0
0
0
0
0
0
0
0
0
0
0
0
32
223
48
32
32
32
32
32
32
32
80
0
0
0
0
0
0
144
207
223
223
223
223
223
223
223
175
16
0
0
0
0
0
0
0
0
0
0
0
0
0
0
0
0
0
0
0
0
0
0
0
0
0
0
0
0
0
0
0
0
0
