0
0
0
0
0
0
0
0
0
0
0
0
0
0
0
0
0
0
0
16
0
0
0
0
0
0
0
0
0
0
0
0
0
0
32
223
0
0
0
0
0
0
0
0
0
0
0
0
0
0
0
239
16
0
0
0
0
0
0
0
0
0
0
0
0
0
0
207
48
0
0
0
0
0
0
0
0
0
0
0
0
0
0
160
96
0
0
0
0
0
0
0
0
0
0
0
0
0
0
112
144
0
0
0
0
0
0
0
0
0
0
0
0
0
0
80
176
0
0
0
0
0
0
0
0
0
0
0
0
0
0
32
223
0
0
0
0
0
0
0
0
0
0
0
0
0
0
32
223
0
0
0
0
0
0
0
0
0
0
0
0
0
0
16
239
0
0
0
0
0
0
0
0
0
0
0
0
0
0
0
239
16
0
0
0
0
0
0
0
0
0
0
0
0
0
0
191
80
0
0
0
0
0
0
0
0
0
0
0
0
0
0
112
239
207
175
159
159
191
191
159
0
0
0
0
0
0
0
0
0
48
80
96
96
64
80
16
0
0
0
0
0
0
0
0
0
0
0
0
0
0
0
0
0
0
0
