0
0
0
0
0
0
0
0
0
0
0
0
0
0
0
0
0
0
0
0
0
0
0
0
0
0
0
0
0
0
0
0
0
0
32
80
0
0
0
0
0
0
0
0
0
0
0
0
0
0
64
191
0
0
0
0
0
0
0
0
0
0
0
0
0
0
64
207
0
0
0
0
0
0
0
0
0
0
0
0
0
0
32
223
0
0
0
0
0
0
0
0
0
0
0
0
0
0
0
239
16
0
0
0
0
0
0
0
0
0
0
0
0
0
0
223
32
0
0
0
0
0
0
0
0
0
0
0
0
0
0
191
64
0
0
0
0
0
0
0
0
0
0
0
0
0
0
191
64
0
0
0
0
0
0
0
0
0
0
0
0
0
0
191
64
0
0
0
0
0
0
0
0
0
0
0
0
0
0
191
64
0
0
0
0
0
0
0
0
0
0
0
0
0
0
191
64
0
16
32
96
159
143
112
32
0
0
0
0
0
0
112
239
223
239
223
159
96
112
144
96
0
0
0
0
0
0
0
32
32
0
0
0
0
0
0
0
0
0
0
0
0
0
0
0
0
0
0
0
0
0
0
0
0
0
0
