0
0
0
0
0
0
0
0
0
0
0
0
0
0
0
0
0
0
16
0
0
0
0
0
0
0
0
0
0
0
0
0
0
80
159
0
0
0
0
0
0
0
0
0
0
0
0
0
0
16
239
16
0
0
0
0
0
0
0
0
0
0
0
0
0
0
191
96
0
0
0
0
0
0
0
0
0
0
0
0
0
0
64
191
0
0
0
0
0
0
0
0
0
0
0
0
0
0
16
255
0
0
0
0
0
0
0
0
0
0
0
0
0
0
0
223
32
0
0
0
0
0
0
0
0
0
0
0
0
0
0
239
16
0
0
0
0
0
0
0
0
0
0
0
0
0
0
223
32
0
0
0
0
0
0
0
0
0
0
0
0
0
0
144
112
0
0
0
0
0
0
0
0
0
0
0
0
0
0
80
191
0
16
32
80
80
64
48
0
0
0
0
0
0
0
16
223
255
255
223
175
175
191
207
255
207
159
0
0
0
0
0
0
0
0
0
0
0
0
0
16
64
64
0
0
0
0
0
0
0
0
0
0
0
0
0
0
0
0
0
0
0
0
0
0
0
0
0
0
0
0
0
0
0
0
0
