0
0
0
0
0
0
0
0
0
0
0
0
0
0
0
0
0
0
0
0
0
0
0
0
0
0
0
0
0
0
0
0
0
0
32
32
0
0
0
0
0
0
0
0
0
0
0
0
0
0
96
159
0
0
0
0
0
0
0
0
0
0
0
0
0
0
96
159
0
0
0
0
0
0
0
0
0
0
0
0
0
0
48
223
0
0
0
0
0
0
0
0
0
0
0
0
0
0
0
255
16
0
0
0
0
0
0
0
0
0
0
0
0
0
0
207
48
0
0
0
0
0
0
0
0
0
0
0
0
0
0
160
96
0
0
0
0
0
0
0
0
0
0
0
0
0
0
128
128
0
0
0
0
0
0
0
0
0
0
0
0
0
0
128
128
0
0
0
0
0
0
0
0
0
0
0
0
0
0
112
144
0
0
0
0
0
0
0
0
0
0
0
0
0
0
64
191
64
80
96
96
96
96
32
0
0
0
0
0
0
0
0
144
191
175
159
159
159
159
64
0
0
0
0
0
0
0
0
0
0
0
0
0
0
0
0
0
0
0
0
0
0
0
0
0
0
0
0
0
0
0
0
0
0
0
0
