0
0
0
0
0
0
0
0
0
0
0
0
0
0
0
0
0
0
16
0
0
0
0
0
0
0
0
0
0
0
0
0
0
0
255
0
0
0
0
0
0
0
0
0
0
0
0
0
0
0
223
32
0
0
0
0
0
0
0
0
0
0
0
0
0
0
223
32
0
0
0
0
0
0
0
0
0
0
0
0
0
0
255
0
0
0
0
0
0
0
0
0
0
0
0
0
0
0
255
0
0
0
0
0
0
0
0
0
0
0
0
0
0
0
255
0
0
0
0
0
0
0
0
0
0
0
0
0
0
0
255
0
0
0
0
0
0
0
0
0
0
0
0
0
0
0
255
0
0
0
0
0
0
0
0
0
0
0
0
0
0
0
239
16
0
0
0
0
0
0
0
0
0
0
0
0
0
0
207
48
0
0
0
0
0
0
0
0
0
0
0
0
0
0
160
143
48
32
32
32
32
48
96
127
0
0
0
0
0
0
32
160
207
223
223
223
223
207
159
80
0
0
0
0
0
0
0
0
0
0
0
0
0
0
0
0
0
0
0
0
0
0
0
0
0
0
0
0
0
0
0
0
0
0
0
0
