0
0
0
0
0
0
0
0
0
0
0
0
0
0
0
0
0
0
0
0
0
0
0
0
0
0
0
0
0
0
0
0
0
0
127
0
0
0
0
0
0
0
0
0
0
0
0
0
0
0
255
0
0
0
0
0
0
0
0
0
0
0
0
0
0
0
239
32
0
0
0
0
0
0
0
0
0
0
0
0
0
0
175
80
0
0
0
0
0
0
0
0
0
0
0
0
0
0
112
144
0
0
0
0
0
0
0
0
0
0
0
0
0
0
32
223
0
0
0
0
0
0
0
0
0
0
0
0
0
0
0
223
32
0
0
0
0
0
0
0
0
0
0
0
0
0
0
160
96
0
0
0
0
0
0
0
0
0
0
0
0
0
0
128
128
0
0
0
0
0
0
0
0
0
0
0
0
0
0
96
159
0
0
0
0
0
16
16
0
0
0
0
0
0
0
64
239
159
159
159
175
223
239
223
0
0
0
0
0
0
0
0
32
96
96
96
80
32
0
0
0
0
0
0
0
0
0
0
0
0
0
0
0
0
0
0
0
0
0
0
0
0
0
0
0
0
0
0
0
0
0
0
0
0
0
0
