0
0
0
0
0
0
0
0
0
0
0
0
0
0
0
0
0
16
0
0
0
0
0
0
0
0
0
0
0
0
0
0
0
128
128
0
0
0
0
0
0
0
0
0
0
0
0
0
0
128
128
0
0
0
0
0
0
0
0
0
0
0
0
0
0
128
128
0
0
0
0
0
0
0
0
0
0
0
0
0
0
128
128
0
0
0
0
0
0
0
0
0
0
0
0
0
0
128
128
0
0
0
0
0
0
0
0
0
0
0
0
0
0
96
159
0
0
0
0
0
0
0
0
0
0
0
0
0
0
96
159
0
0
0
0
0
0
0
0
0
0
0
0
0
0
80
176
0
0
0
0
0
0
0
0
0
0
0
0
0
0
64
191
0
0
0
0
0
0
0
0
0
0
0
0
0
0
64
191
0
0
0
0
0
0
0
16
32
0
0
0
0
0
48
207
0
16
32
96
143
175
223
255
223
80
0
0
0
0
0
160
255
239
223
175
128
80
32
0
0
0
0
0
0
0
0
0
0
0
0
0
0
0
0
0
0
0
0
0
0
0
0
0
0
0
0
0
0
0
0
0
0
0
0
0
0
