0
0
0
0
0
0
0
0
0
0
0
0
0
0
0
0
0
0
0
0
0
0
0
0
0
0
0
0
0
0
0
0
0
0
64
0
0
0
0
0
0
0
0
0
0
0
0
0
0
0
223
32
0
0
0
0
0
0
0
0
0
0
0
0
0
0
191
80
0
0
0
0
0
0
0
0
0
0
0
0
0
0
144
112
0
0
0
0
0
0
0
0
0
0
0
0
0
0
96
176
0
0
0
0
0
0
0
0
0
0
0
0
0
0
16
239
0
0
0
0
0
0
0
0
0
0
0
0
0
0
0
223
32
0
0
0
0
0
0
0
0
0
0
0
0
0
0
175
96
0
0
0
0
0
0
0
0
0
0
0
0
0
0
144
112
0
0
0
0
0
0
0
0
0
0
0
0
0
0
128
128
0
0
0
0
0
0
0
0
0
0
0
0
0
0
96
191
32
64
96
96
32
0
0
0
0
0
0
0
0
0
16
175
223
191
159
159
96
0
0
0
0
0
0
0
0
0
0
0
0
0
0
0
0
0
0
0
0
0
0
0
0
0
0
0
0
0
0
0
0
0
0
0
0
0
0
