0
0
0
0
0
0
0
0
0
0
0
0
0
0
0
0
0
32
32
0
0
0
0
0
0
0
0
0
0
0
0
0
0
96
159
0
0
0
0
0
0
0
0
0
0
0
0
0
0
32
239
0
0
0
0
0
0
0
0
0
0
0
0
0
0
0
207
64
0
0
0
0
0
0
0
0
0
0
0
0
0
0
144
128
0
0
0
0
0
0
0
0
0
0
0
0
0
0
96
191
0
0
0
0
0
0
0
0
0
0
0
0
0
0
32
223
0
0
0
0
0
0
0
0
0
0
0
0
0
0
32
223
0
0
0
0
0
0
0
0
0
0
0
0
0
0
32
223
0
0
0
0
0
0
0
0
0
0
0
0
0
0
16
239
16
0
0
0
0
0
0
0
0
0
0
0
0
0
0
175
80
0
0
0
0
0
0
0
0
0
0
0
0
0
0
112
191
96
96
96
96
96
96
80
0
0
0
0
0
0
0
0
96
159
159
159
159
159
159
112
0
0
0
0
0
0
0
0
0
0
0
0
0
0
0
0
0
0
0
0
0
0
0
0
0
0
0
0
0
0
0
0
0
0
0
0
