0
0
0
0
0
0
0
0
0
0
0
0
0
0
0
0
0
0
0
0
0
0
0
0
0
0
0
0
0
0
0
0
0
0
0
0
0
0
0
0
0
0
0
16
0
0
0
0
0
16
0
0
0
0
0
0
0
0
16
223
48
0
0
0
32
239
64
0
0
0
0
0
0
16
207
144
0
0
0
0
0
64
223
32
0
0
0
0
0
191
128
0
0
0
0
0
0
0
128
223
32
0
0
0
127
175
0
0
0
0
0
0
0
0
0
128
223
32
0
64
223
32
0
0
0
0
0
0
0
0
0
0
128
223
48
223
80
0
0
0
0
0
0
0
0
0
0
0
0
128
255
128
0
0
0
0
0
0
0
0
0
0
0
0
0
127
239
159
0
0
0
0
0
0
0
0
0
0
0
0
32
255
32
160
159
0
0
0
0
0
0
0
0
0
0
0
191
128
0
0
160
175
32
0
0
0
0
0
0
0
0
143
207
0
0
0
0
128
223
16
0
0
0
0
0
0
16
128
16
0
0
0
0
0
0
0
0
0
0
0
0
0
0
0
0
0
0
0
0
0
0
0
0
0
0
0
