0
0
0
0
0
0
0
0
0
0
0
0
0
0
0
0
0
0
0
0
0
0
0
0
0
0
0
0
0
0
0
0
0
0
0
0
0
0
0
0
0
0
0
0
0
0
0
0
0
0
0
144
32
0
0
0
0
16
80
0
0
0
0
0
0
0
0
128
207
16
0
0
0
175
144
0
0
0
0
0
0
0
0
0
160
159
0
0
127
191
0
0
0
0
0
0
0
0
0
0
16
207
112
64
223
32
0
0
0
0
0
0
0
0
0
0
0
32
223
239
64
0
0
0
0
0
0
0
0
0
0
0
0
0
159
239
48
0
0
0
0
0
0
0
0
0
0
0
0
96
223
64
223
80
0
0
0
0
0
0
0
0
0
0
32
223
48
0
32
223
159
32
0
0
0
0
0
0
0
0
159
128
0
0
0
32
160
96
0
0
0
0
0
0
0
0
80
32
0
0
0
0
0
0
0
0
0
0
0
0
0
0
0
0
0
0
0
0
0
0
0
0
0
0
0
0
0
0
0
0
0
0
0
0
0
0
0
0
0
0
0
0
0
0
0
0
0
0
0
0
0
0
0
0
0
0
