0
0
0
0
0
0
0
0
0
0
0
0
0
0
0
0
0
0
0
0
0
0
0
0
0
0
0
0
0
0
0
0
0
0
0
0
0
0
0
0
0
0
0
0
143
48
0
0
0
0
0
0
0
0
0
0
0
0
0
127
223
0
0
0
64
223
96
0
0
0
0
0
0
0
64
223
32
0
0
0
0
32
207
159
0
0
0
0
0
32
223
48
0
0
0
0
0
0
0
160
159
0
0
0
32
223
96
0
0
0
0
0
0
0
0
0
191
143
0
48
223
96
0
0
0
0
0
0
0
0
0
0
16
207
143
223
96
0
0
0
0
0
0
0
0
0
0
0
0
143
255
159
0
0
0
0
0
0
0
0
0
0
0
0
127
223
64
207
127
0
0
0
0
0
0
0
0
0
16
143
207
32
0
16
160
223
32
0
0
0
0
0
0
0
175
144
16
0
0
0
0
96
223
96
0
0
0
0
0
0
0
0
0
0
0
0
0
0
32
16
0
0
0
0
0
0
0
0
0
0
0
0
0
0
0
0
0
0
0
0
0
0
0
0
0
0
0
0
0
0
0
0
0
0
0
0
