0
0
0
0
0
0
0
0
0
0
0
0
0
0
0
0
0
0
0
0
0
0
0
0
0
0
0
0
0
0
0
0
0
0
0
0
0
0
0
0
0
0
0
0
32
32
0
0
0
0
0
0
0
0
0
0
0
0
0
16
223
96
0
0
0
0
0
96
32
0
0
0
0
0
0
127
159
0
0
0
0
0
0
128
223
32
0
0
0
0
32
255
32
0
0
0
0
0
0
0
112
207
0
0
0
0
127
159
0
0
0
0
0
0
0
0
0
175
143
0
0
32
255
32
0
0
0
0
0
0
0
0
0
16
223
127
0
159
128
0
0
0
0
0
0
0
0
0
0
0
32
223
175
223
0
0
0
0
0
0
0
0
0
0
0
0
0
64
255
159
0
0
0
0
0
0
0
0
0
0
0
0
0
143
175
223
127
0
0
0
0
0
0
0
0
0
0
0
32
223
32
32
207
175
16
0
0
0
0
0
0
0
0
32
223
96
0
0
0
128
223
32
0
0
0
0
0
0
0
175
128
0
0
0
0
0
96
80
0
0
0
0
0
0
0
16
0
0
0
0
0
0
0
0
0
0
