0
0
0
0
0
0
0
0
0
0
0
0
0
0
0
0
0
0
0
0
0
0
0
0
0
0
0
0
0
0
0
0
0
64
143
0
0
0
0
0
0
0
0
16
0
0
0
0
0
16
175
175
32
0
0
0
0
0
32
239
16
0
0
0
0
0
0
128
223
32
0
0
0
0
223
112
0
0
0
0
0
0
0
0
96
223
127
0
0
96
191
0
0
0
0
0
0
0
0
0
0
32
160
223
32
191
96
0
0
0
0
0
0
0
0
0
0
0
0
112
239
223
0
0
0
0
0
0
0
0
0
0
0
0
0
0
112
255
112
0
0
0
0
0
0
0
0
0
0
0
0
0
223
96
223
159
32
0
0
0
0
0
0
0
0
0
0
96
223
0
0
96
223
143
0
0
0
0
0
0
0
0
16
223
96
0
0
0
32
128
0
0
0
0
0
0
0
0
144
144
0
0
0
0
0
0
0
0
0
0
0
0
0
0
16
0
0
0
0
0
0
0
0
0
0
0
0
0
0
0
0
0
0
0
0
0
0
0
0
0
0
0
0
0
0
0
0
0
0
0
0
0
0
0
0
0
