0
0
0
0
0
0
0
0
0
0
0
0
0
0
0
0
0
0
0
0
0
0
0
0
0
0
0
0
0
0
0
0
0
0
0
0
0
0
0
0
0
0
0
0
0
0
0
0
0
0
0
191
16
0
0
0
0
0
0
0
127
96
0
0
0
0
0
160
175
32
0
0
0
0
0
127
207
16
0
0
0
0
0
0
128
223
96
0
0
0
127
223
16
0
0
0
0
0
0
0
0
32
207
191
32
80
223
32
0
0
0
0
0
0
0
0
0
0
0
128
223
223
80
0
0
0
0
0
0
0
0
0
0
0
0
0
112
255
64
0
0
0
0
0
0
0
0
0
0
0
0
0
191
144
239
32
0
0
0
0
0
0
0
0
0
0
0
32
223
0
128
159
0
0
0
0
0
0
0
0
0
0
0
159
128
0
16
223
80
0
0
0
0
0
0
0
0
0
48
223
32
0
0
48
207
0
0
0
0
0
0
0
0
16
223
80
0
0
0
0
0
0
0
0
0
0
0
0
0
0
16
0
0
0
0
0
0
0
0
0
0
0
0
0
0
0
0
0
0
0
0
0
0
0
0
0
