0
0
0
0
0
0
0
0
0
0
0
0
0
0
0
0
0
0
0
0
0
0
0
0
0
0
0
0
0
0
0
0
0
16
0
0
0
0
0
0
0
0
0
16
0
0
0
0
0
96
223
127
0
0
0
0
0
0
0
207
96
0
0
0
0
0
32
175
159
0
0
0
0
0
143
160
0
0
0
0
0
0
0
0
160
143
0
0
0
127
223
16
0
0
0
0
0
0
0
0
16
223
80
0
64
223
32
0
0
0
0
0
0
0
0
0
0
64
239
48
223
64
0
0
0
0
0
0
0
0
0
0
0
0
144
255
128
0
0
0
0
0
0
0
0
0
0
0
0
0
127
255
112
0
0
0
0
0
0
0
0
0
0
0
0
80
223
64
223
112
0
0
0
0
0
0
0
0
0
0
32
223
32
0
32
223
127
0
0
0
0
0
0
0
0
32
223
112
0
0
0
32
207
175
32
0
0
0
0
0
0
223
128
0
0
0
0
0
0
128
223
48
0
0
0
0
112
159
0
0
0
0
0
0
0
0
16
0
0
0
0
0
32
16
0
0
0
0
0
0
0
0
0
0
0
0
