0
0
0
0
0
0
0
0
0
0
0
0
0
0
0
0
0
0
0
0
0
0
0
0
0
0
0
0
0
0
0
0
0
0
0
0
0
0
0
0
0
0
0
0
0
0
0
0
0
96
96
0
0
0
0
0
0
0
0
16
32
0
0
0
0
32
223
127
0
0
0
0
0
0
16
207
112
0
0
0
0
0
16
207
127
0
0
0
0
16
207
128
0
0
0
0
0
0
0
32
223
64
0
0
32
223
128
0
0
0
0
0
0
0
0
0
64
239
32
32
223
128
0
0
0
0
0
0
0
0
0
0
0
112
223
223
128
0
0
0
0
0
0
0
0
0
0
0
0
32
239
239
16
0
0
0
0
0
0
0
0
0
0
0
64
239
96
128
207
16
0
0
0
0
0
0
0
0
0
111
223
64
0
0
128
223
32
0
0
0
0
0
0
0
0
112
32
0
0
0
0
96
223
143
0
0
0
0
0
0
0
0
0
0
0
0
0
0
16
160
80
0
0
0
0
0
0
0
0
0
0
0
0
0
0
0
0
0
0
0
0
0
0
0
0
0
0
0
0
0
0
0
0
0
0
0
