0
0
0
0
0
0
0
0
0
0
0
0
0
0
0
0
0
0
0
0
0
0
0
0
0
0
0
0
0
0
0
0
0
0
0
0
0
0
0
0
0
0
0
0
0
0
0
0
0
0
0
0
0
0
0
0
0
32
191
0
0
0
0
0
0
0
0
207
48
0
0
0
0
96
159
0
0
0
0
0
0
0
0
96
239
48
0
0
0
223
48
0
0
0
0
0
0
0
0
0
96
223
32
0
96
191
0
0
0
0
0
0
0
0
0
0
0
112
223
32
223
96
0
0
0
0
0
0
0
0
0
0
0
0
128
239
207
0
0
0
0
0
0
0
0
0
0
0
0
0
32
239
159
0
0
0
0
0
0
0
0
0
0
0
0
0
207
128
175
159
0
0
0
0
0
0
0
0
0
0
0
143
159
0
16
207
159
0
0
0
0
0
0
0
0
0
16
223
16
0
0
0
144
207
32
0
0
0
0
0
0
0
0
32
0
0
0
0
0
128
159
0
0
0
0
0
0
0
0
0
0
0
0
0
0
0
0
0
0
0
0
0
0
0
0
0
0
0
0
0
0
0
0
0
0
0
