0
0
0
0
0
0
0
0
0
0
0
0
0
0
0
0
0
0
0
0
0
0
0
0
0
0
0
0
0
0
0
0
0
0
0
0
0
0
0
0
0
0
0
143
48
0
0
0
0
0
0
0
80
0
0
0
0
0
16
239
0
0
0
0
0
0
0
16
160
223
32
0
0
0
80
191
0
0
0
0
0
0
0
0
0
96
223
48
0
0
159
96
0
0
0
0
0
0
0
0
0
0
64
223
32
32
223
16
0
0
0
0
0
0
0
0
0
0
0
112
191
223
112
0
0
0
0
0
0
0
0
0
0
0
0
0
207
191
0
0
0
0
0
0
0
0
0
0
0
0
0
32
223
223
95
0
0
0
0
0
0
0
0
0
0
0
16
223
96
48
239
112
0
0
0
0
0
0
0
0
0
0
207
128
0
0
32
191
159
0
0
0
0
0
0
0
0
112
159
0
0
0
0
0
207
0
0
0
0
0
0
0
0
160
48
0
0
0
0
0
0
0
0
0
0
0
0
0
0
0
0
0
0
0
0
0
0
0
0
0
0
0
0
0
0
0
0
0
0
0
0
0
0
0
0
0
