0
0
0
0
0
0
0
0
0
0
0
0
0
0
0
0
0
0
0
0
0
0
0
0
0
0
0
0
0
0
0
0
0
0
32
96
0
0
0
0
0
0
0
0
48
16
0
0
0
0
32
223
127
0
0
0
0
0
0
127
223
16
0
0
0
0
0
32
223
127
0
0
0
0
127
207
32
0
0
0
0
0
0
0
32
223
127
0
0
32
223
32
0
0
0
0
0
0
0
0
0
16
207
159
0
175
96
0
0
0
0
0
0
0
0
0
0
0
0
160
207
223
0
0
0
0
0
0
0
0
0
0
0
0
0
0
207
207
16
0
0
0
0
0
0
0
0
0
0
0
0
32
223
128
207
16
0
0
0
0
0
0
0
0
0
0
0
159
112
0
160
207
16
0
0
0
0
0
0
0
0
0
32
223
32
0
0
128
223
16
0
0
0
0
0
0
0
16
223
112
0
0
0
0
64
0
0
0
0
0
0
0
0
191
144
0
0
0
0
0
0
0
0
0
0
0
0
0
0
16
0
0
0
0
0
0
0
0
0
0
0
0
0
0
0
0
0
0
0
0
0
0
0
0
0
0
