0
0
0
0
0
0
0
0
0
0
0
0
0
0
0
0
0
0
0
0
0
0
0
0
0
0
0
0
0
0
0
0
0
0
0
0
0
0
0
0
0
0
0
0
0
0
0
0
0
0
0
0
0
0
0
0
0
0
0
143
159
0
0
0
0
0
191
95
0
0
0
0
0
0
159
191
16
0
0
0
0
0
32
223
127
0
0
0
0
159
160
0
0
0
0
0
0
0
0
32
223
143
0
0
127
191
0
0
0
0
0
0
0
0
0
0
16
175
207
143
223
16
0
0
0
0
0
0
0
0
0
0
0
0
191
255
96
0
0
0
0
0
0
0
0
0
0
0
0
127
223
96
223
143
16
0
0
0
0
0
0
0
0
0
127
223
32
0
32
160
223
96
0
0
0
0
0
0
0
48
223
32
0
0
0
0
80
223
191
32
0
0
0
0
0
159
128
0
0
0
0
0
0
0
96
32
0
0
0
0
80
223
32
0
0
0
0
0
0
0
0
0
0
0
0
0
0
16
0
0
0
0
0
0
0
0
0
0
0
0
0
0
0
0
0
0
0
0
0
0
0
0
0
0
0
0
