0
0
0
0
0
0
0
0
0
0
0
0
0
0
0
0
0
0
0
0
0
0
0
0
0
0
0
0
0
0
0
0
0
0
0
0
0
0
0
0
0
0
0
0
0
0
0
0
0
0
0
0
0
0
0
0
0
0
0
0
191
48
0
0
0
0
0
159
32
0
0
0
0
0
0
143
159
0
0
0
0
0
0
112
223
16
0
0
0
0
32
223
32
0
0
0
0
0
0
0
144
159
0
0
0
0
159
128
0
0
0
0
0
0
0
0
16
207
112
0
0
32
223
0
0
0
0
0
0
0
0
0
0
32
223
32
0
159
112
0
0
0
0
0
0
0
0
0
0
0
96
223
143
223
16
0
0
0
0
0
0
0
0
0
0
0
16
207
255
64
0
0
0
0
0
0
0
0
0
0
0
64
207
175
128
223
64
0
0
0
0
0
0
0
0
16
143
239
96
0
0
48
223
95
0
0
0
0
0
0
0
223
144
16
0
0
0
0
32
223
127
0
0
0
0
0
0
64
0
0
0
0
0
0
0
32
144
0
0
0
0
0
0
0
0
0
0
0
0
0
0
0
0
0
0
0
