0
0
0
0
0
0
0
0
0
0
0
0
0
0
0
0
0
0
0
0
0
0
0
0
0
0
0
0
0
0
0
0
0
0
0
0
0
0
0
0
0
0
0
0
16
0
0
0
0
0
0
0
0
0
0
0
0
0
16
207
128
0
0
0
0
0
0
48
0
0
0
0
0
0
127
159
0
0
0
0
0
0
0
239
64
0
0
0
0
64
223
32
0
0
0
0
0
0
0
80
223
32
0
0
16
223
96
0
0
0
0
0
0
0
0
0
112
191
0
0
143
159
0
0
0
0
0
0
0
0
0
0
0
191
112
32
223
32
0
0
0
0
0
0
0
0
0
0
0
32
223
223
96
0
0
0
0
0
0
0
0
0
0
0
0
0
175
239
16
0
0
0
0
0
0
0
0
0
0
0
0
32
223
160
143
0
0
0
0
0
0
0
0
0
0
0
32
223
80
16
223
159
32
0
0
0
0
0
0
0
0
32
223
112
0
0
16
128
223
112
0
0
0
0
0
0
0
0
16
0
0
0
0
0
32
64
0
0
0
0
0
0
0
0
0
0
0
0
0
0
0
0
0
0
0
0
