0
0
0
0
0
0
0
0
0
0
0
0
0
0
0
0
0
0
0
0
0
0
0
0
0
0
0
0
16
32
0
0
0
0
0
16
207
96
0
0
0
0
0
64
223
80
0
0
0
0
0
0
96
223
159
32
0
0
95
239
48
0
0
0
0
0
0
0
0
0
128
223
32
95
239
48
0
0
0
0
0
0
0
0
0
0
0
128
223
223
48
0
0
0
0
0
0
0
0
0
0
0
0
111
255
143
0
0
0
0
0
0
0
0
0
0
0
0
95
223
48
223
64
0
0
0
0
0
0
0
0
0
0
48
223
32
0
64
223
16
0
0
0
0
0
0
0
0
16
223
96
0
0
0
191
128
0
0
0
0
0
0
0
0
96
159
0
0
0
0
32
239
16
0
0
0
0
0
0
16
223
32
0
0
0
0
0
128
143
0
0
0
0
0
0
0
48
0
0
0
0
0
0
16
239
64
0
0
0
0
0
0
0
0
0
0
0
0
0
0
80
128
0
0
0
0
0
0
0
0
0
0
0
0
0
0
0
0
0
0
0
0
0
0
0
0
0
0
0
0
0
0
0
0
0
0
